k = [2.8353e+03
2.4648e+03
3.2471e+03
1.9586e+03
2.3931e+03
2.4785e+03
1.6259e+03
1.8268e+03
1.5635e+03
1.3167e+03
1.3364e+03
1.3042e+03];

k = sqrt((k.^2)/26612)

